Sewage Outflow- Schuylkill River
S01= 39.967320, -75.187838
S02= 39.965214, -75.184884
S03= 39.964364, -75.184047
SFRM= 39.966614, -75.183766
S04= 39.961847, -75.181965
S05= 39.961054, -75.180241
S06= 39.961102, -75.179872
S07= 39.960171, -75.179339
S08= 39.958205, -75.178275
S09= 39.956602, -75.178798
S10= 39.954597, -75.179773
S11= 39.954678, -75.180938
S12= 39.953125, -75.180310
S13= 39.952220, -75.180763
S14= 39.951633, -75.182284
S15= 39.951464, -75.181088
S16= 39.950451, -75.181840
S17= 39.949290, -75.182841
S18= 39.947922, -75.184608
S19= 39.947271, -75.185315
S20= 39.947771, -75.186755
S21= 39.946564, -75.186237
S22= 39.946257, -75.189165
S23= 39.945389, -75.188190
S24= 39.945465, -75.190203
S25= 39.942911, -75.190853
S26= 39.941687, -75.192605
Stormwater Outfalls- Schuylkill River
S-030-01= 39.959785, -75.180400
S-030-02= 39.957244, -75.180104
S-024-01= 39.943842, -75.197463
